# Grid

![](../images/grid.svg)

|  | 1 | 2 | 3 | 4 | 5 |
| -- | -- | -- |
| 1 | 1.41 | 2.24 | 3.16 | 4.12 | 5.10 |
| 2 | 2.24 | 2.83 | 3.61 | 4.47 | 5.39 |
| 3 | 3.16 | 3.61 | 4.24 | 5.00 | 5.83 |
| 4 | 4.12 | 4.47 | 5.00 | 5.66 | 6.40 |
| 5 | 5.10 | 5.39 | 5.83 | 6.40 | 7.07 |


|  | 1 | 2 | 3 | 4 | 5 | 6 | 7 | 8 | 9 | 10 |
| -- | -- | -- |
| 1 | 1.41 | 2.24 | 3.16 | 4.12 | 5.10 | 6.08 | 7.07 | 8.06 | 9.06 | 10.05 |
| 2 | 2.24 | 2.83 | 3.61 | 4.47 | 5.39 | 6.32 | 7.28 | 8.25 | 9.22 | 10.20 |
| 3 | 3.16 | 3.61 | 4.24 | 5.00 | 5.83 | 6.71 | 7.62 | 8.54 | 9.49 | 10.44 |
| 4 | 4.12 | 4.47 | 5.00 | 5.66 | 6.40 | 7.21 | 8.06 | 8.94 | 9.85 | 10.77 |
| 5 | 5.10 | 5.39 | 5.83 | 6.40 | 7.07 | 7.81 | 8.60 | 9.43 | 10.30 | 11.18 |
| 6 | 6.08 | 6.32 | 6.71 | 7.21 | 7.81 | 8.49 | 9.22 | 10.00 | 10.82 | 11.66 |
| 7 | 7.07 | 7.28 | 7.62 | 8.06 | 8.60 | 9.22 | 9.90 | 10.63 | 11.40 | 12.21 |
| 8 | 8.06 | 8.25 | 8.54 | 8.94 | 9.43 | 10.00 | 10.63 | 11.31 | 12.04 | 12.81 |
| 9 | 9.06 | 9.22 | 9.49 | 9.85 | 10.30 | 10.82 | 11.40 | 12.04 | 12.73 | 13.45 |
| 10 | 10.05 | 10.20 | 10.44 | 10.77 | 11.18 | 11.66 | 12.21 | 12.81 | 13.45 | 14.14 |

|  | 1 | 2 | 3 | 4 | 5 | 6 | 7 | 8 | 9 | 10 | 11 | 12 | 13 | 14 | 15 | 16 | 17 | 18 | 19 | 20 | 21 | 22 | 23 | 24 | 25 |
| -- | -- | -- |
| 1 | 1.41 | 2.24 | 3.16 | 4.12 | 5.10 | 6.08 | 7.07 | 8.06 | 9.06 | 10.05 | 11.05 | 12.04 | 13.04 | 14.04 | 15.03 | 16.03 | 17.03 | 18.03 | 19.03 | 20.02 | 21.02 | 22.02 | 23.02 | 24.02 | 25.02 |
| 2 | 2.24 | 2.83 | 3.61 | 4.47 | 5.39 | 6.32 | 7.28 | 8.25 | 9.22 | 10.20 | 11.18 | 12.17 | 13.15 | 14.14 | 15.13 | 16.12 | 17.12 | 18.11 | 19.10 | 20.10 | 21.10 | 22.09 | 23.09 | 24.08 | 25.08 |
| 3 | 3.16 | 3.61 | 4.24 | 5.00 | 5.83 | 6.71 | 7.62 | 8.54 | 9.49 | 10.44 | 11.40 | 12.37 | 13.34 | 14.32 | 15.30 | 16.28 | 17.26 | 18.25 | 19.24 | 20.22 | 21.21 | 22.20 | 23.19 | 24.19 | 25.18 |
| 4 | 4.12 | 4.47 | 5.00 | 5.66 | 6.40 | 7.21 | 8.06 | 8.94 | 9.85 | 10.77 | 11.70 | 12.65 | 13.60 | 14.56 | 15.52 | 16.49 | 17.46 | 18.44 | 19.42 | 20.40 | 21.38 | 22.36 | 23.35 | 24.33 | 25.32 |
| 5 | 5.10 | 5.39 | 5.83 | 6.40 | 7.07 | 7.81 | 8.60 | 9.43 | 10.30 | 11.18 | 12.08 | 13.00 | 13.93 | 14.87 | 15.81 | 16.76 | 17.72 | 18.68 | 19.65 | 20.62 | 21.59 | 22.56 | 23.54 | 24.52 | 25.50 |
| 6 | 6.08 | 6.32 | 6.71 | 7.21 | 7.81 | 8.49 | 9.22 | 10.00 | 10.82 | 11.66 | 12.53 | 13.42 | 14.32 | 15.23 | 16.16 | 17.09 | 18.03 | 18.97 | 19.92 | 20.88 | 21.84 | 22.80 | 23.77 | 24.74 | 25.71 |
| 7 | 7.07 | 7.28 | 7.62 | 8.06 | 8.60 | 9.22 | 9.90 | 10.63 | 11.40 | 12.21 | 13.04 | 13.89 | 14.76 | 15.65 | 16.55 | 17.46 | 18.38 | 19.31 | 20.25 | 21.19 | 22.14 | 23.09 | 24.04 | 25.00 | 25.96 |
| 8 | 8.06 | 8.25 | 8.54 | 8.94 | 9.43 | 10.00 | 10.63 | 11.31 | 12.04 | 12.81 | 13.60 | 14.42 | 15.26 | 16.12 | 17.00 | 17.89 | 18.79 | 19.70 | 20.62 | 21.54 | 22.47 | 23.41 | 24.35 | 25.30 | 26.25 |
| 9 | 9.06 | 9.22 | 9.49 | 9.85 | 10.30 | 10.82 | 11.40 | 12.04 | 12.73 | 13.45 | 14.21 | 15.00 | 15.81 | 16.64 | 17.49 | 18.36 | 19.24 | 20.12 | 21.02 | 21.93 | 22.85 | 23.77 | 24.70 | 25.63 | 26.57 |
| 10 | 10.05 | 10.20 | 10.44 | 10.77 | 11.18 | 11.66 | 12.21 | 12.81 | 13.45 | 14.14 | 14.87 | 15.62 | 16.40 | 17.20 | 18.03 | 18.87 | 19.72 | 20.59 | 21.47 | 22.36 | 23.26 | 24.17 | 25.08 | 26.00 | 26.93 |
| 11 | 11.05 | 11.18 | 11.40 | 11.70 | 12.08 | 12.53 | 13.04 | 13.60 | 14.21 | 14.87 | 15.56 | 16.28 | 17.03 | 17.80 | 18.60 | 19.42 | 20.25 | 21.10 | 21.95 | 22.83 | 23.71 | 24.60 | 25.50 | 26.40 | 27.31 |
| 12 | 12.04 | 12.17 | 12.37 | 12.65 | 13.00 | 13.42 | 13.89 | 14.42 | 15.00 | 15.62 | 16.28 | 16.97 | 17.69 | 18.44 | 19.21 | 20.00 | 20.81 | 21.63 | 22.47 | 23.32 | 24.19 | 25.06 | 25.94 | 26.83 | 27.73 |
| 13 | 13.04 | 13.15 | 13.34 | 13.60 | 13.93 | 14.32 | 14.76 | 15.26 | 15.81 | 16.40 | 17.03 | 17.69 | 18.38 | 19.10 | 19.85 | 20.62 | 21.40 | 22.20 | 23.02 | 23.85 | 24.70 | 25.55 | 26.42 | 27.29 | 28.18 |
| 14 | 14.04 | 14.14 | 14.32 | 14.56 | 14.87 | 15.23 | 15.65 | 16.12 | 16.64 | 17.20 | 17.80 | 18.44 | 19.10 | 19.80 | 20.52 | 21.26 | 22.02 | 22.80 | 23.60 | 24.41 | 25.24 | 26.08 | 26.93 | 27.78 | 28.65 |
| 15 | 15.03 | 15.13 | 15.30 | 15.52 | 15.81 | 16.16 | 16.55 | 17.00 | 17.49 | 18.03 | 18.60 | 19.21 | 19.85 | 20.52 | 21.21 | 21.93 | 22.67 | 23.43 | 24.21 | 25.00 | 25.81 | 26.63 | 27.46 | 28.30 | 29.15 |
| 16 | 16.03 | 16.12 | 16.28 | 16.49 | 16.76 | 17.09 | 17.46 | 17.89 | 18.36 | 18.87 | 19.42 | 20.00 | 20.62 | 21.26 | 21.93 | 22.63 | 23.35 | 24.08 | 24.84 | 25.61 | 26.40 | 27.20 | 28.02 | 28.84 | 29.68 |
| 17 | 17.03 | 17.12 | 17.26 | 17.46 | 17.72 | 18.03 | 18.38 | 18.79 | 19.24 | 19.72 | 20.25 | 20.81 | 21.40 | 22.02 | 22.67 | 23.35 | 24.04 | 24.76 | 25.50 | 26.25 | 27.02 | 27.80 | 28.60 | 29.41 | 30.23 |
| 18 | 18.03 | 18.11 | 18.25 | 18.44 | 18.68 | 18.97 | 19.31 | 19.70 | 20.12 | 20.59 | 21.10 | 21.63 | 22.20 | 22.80 | 23.43 | 24.08 | 24.76 | 25.46 | 26.17 | 26.91 | 27.66 | 28.43 | 29.21 | 30.00 | 30.81 |
| 19 | 19.03 | 19.10 | 19.24 | 19.42 | 19.65 | 19.92 | 20.25 | 20.62 | 21.02 | 21.47 | 21.95 | 22.47 | 23.02 | 23.60 | 24.21 | 24.84 | 25.50 | 26.17 | 26.87 | 27.59 | 28.32 | 29.07 | 29.83 | 30.61 | 31.40 |
| 20 | 20.02 | 20.10 | 20.22 | 20.40 | 20.62 | 20.88 | 21.19 | 21.54 | 21.93 | 22.36 | 22.83 | 23.32 | 23.85 | 24.41 | 25.00 | 25.61 | 26.25 | 26.91 | 27.59 | 28.28 | 29.00 | 29.73 | 30.48 | 31.24 | 32.02 |
| 21 | 21.02 | 21.10 | 21.21 | 21.38 | 21.59 | 21.84 | 22.14 | 22.47 | 22.85 | 23.26 | 23.71 | 24.19 | 24.70 | 25.24 | 25.81 | 26.40 | 27.02 | 27.66 | 28.32 | 29.00 | 29.70 | 30.41 | 31.14 | 31.89 | 32.65 |
| 22 | 22.02 | 22.09 | 22.20 | 22.36 | 22.56 | 22.80 | 23.09 | 23.41 | 23.77 | 24.17 | 24.60 | 25.06 | 25.55 | 26.08 | 26.63 | 27.20 | 27.80 | 28.43 | 29.07 | 29.73 | 30.41 | 31.11 | 31.83 | 32.56 | 33.30 |
| 23 | 23.02 | 23.09 | 23.19 | 23.35 | 23.54 | 23.77 | 24.04 | 24.35 | 24.70 | 25.08 | 25.50 | 25.94 | 26.42 | 26.93 | 27.46 | 28.02 | 28.60 | 29.21 | 29.83 | 30.48 | 31.14 | 31.83 | 32.53 | 33.24 | 33.97 |
| 24 | 24.02 | 24.08 | 24.19 | 24.33 | 24.52 | 24.74 | 25.00 | 25.30 | 25.63 | 26.00 | 26.40 | 26.83 | 27.29 | 27.78 | 28.30 | 28.84 | 29.41 | 30.00 | 30.61 | 31.24 | 31.89 | 32.56 | 33.24 | 33.94 | 34.66 |
| 25 | 25.02 | 25.08 | 25.18 | 25.32 | 25.50 | 25.71 | 25.96 | 26.25 | 26.57 | 26.93 | 27.31 | 27.73 | 28.18 | 28.65 | 29.15 | 29.68 | 30.23 | 30.81 | 31.40 | 32.02 | 32.65 | 33.30 | 33.97 | 34.66 | 35.36 |





